                0.171066                 0.468687                 0.133776                 0.137918                 0.058274                 0.049533                 0.508813                 0.443721                 0.163228                 0.475268 
               -0.022369                 0.024562                 0.302887                 0.219823                 0.053659                 0.696487                -0.507045                 0.027505                 0.287646                 0.173979 
               -0.192250                -0.126250                 0.708988                 0.077127                 0.111833                -0.050279                 0.242617                -0.417336                -0.375582                 0.222168 
               -0.138829                -0.192296                 0.177255                 0.383421                 0.596032                -0.432373                -0.104842                 0.228064                 0.360323                -0.174009 
                0.056765                -0.728115                -0.301161                -0.029629                 0.115813                 0.093868                 0.115064                 0.068350                 0.003728                 0.578706 
                0.435744                -0.016682                -0.024107                -0.288790                 0.625284                 0.385094                 0.251909                -0.080909                -0.123328                -0.318396 
                0.808906                -0.135916                 0.305122                -0.016217                -0.247279                -0.302824                -0.193622                -0.091162                 0.179543                 0.054318 
                0.173811                -0.217056                 0.006984                 0.598916                -0.203539                 0.176306                 0.099967                 0.375792                -0.497313                -0.304766 
               -0.049527                -0.196073                -0.013632                 0.235760                -0.275668                 0.197758                 0.530454                -0.339626                 0.558188                -0.282722 
                0.184159                 0.303895                -0.414327                 0.529974                 0.207373                -0.063043                -0.092725                -0.547794                -0.115619                 0.228412 
