                0.096305                 0.134583                 0.188467                 0.254891                 0.349950                 0.479561                 0.409147                 0.257118                 0.259799                 0.467625 
                0.011687                 0.416775                 0.244865                 0.411783                 0.262716                -0.400258                -0.108765                -0.211765                 0.478543                -0.285891 
               -0.038401                 0.252117                 0.517186                -0.049654                -0.007221                -0.277132                 0.430272                 0.258283                -0.555596                -0.166222 
               -0.040656                 0.360557                -0.124406                 0.269611                -0.085939                 0.178206                -0.555002                 0.629698                -0.176404                -0.073288 
               -0.008919                 0.629660                 0.101133                -0.462187                 0.092853                 0.315927                -0.212196                -0.430892                -0.143756                 0.140756 
                0.439439                -0.182490                 0.509768                 0.297175                -0.369207                 0.014862                -0.324662                -0.230858                -0.127553                 0.337504 
                0.538724                -0.092856                -0.270331                 0.066019                 0.654081                -0.161872                -0.114391                -0.066490                -0.389675                 0.018400 
               -0.091867                -0.118425                 0.033002                 0.402123                 0.027843                 0.574751                 0.093184                -0.314719                -0.245748                -0.561700 
                0.594358                -0.033583                 0.178735                -0.408250                -0.084368                 0.199004                 0.031158                 0.267359                 0.335587                -0.463903 
                0.377293                 0.401339                -0.495335                 0.235904                -0.469497                -0.071273                 0.392985                -0.109098                -0.043621                 0.042664 
