                0.439563                 0.049976                 0.439140                 0.214479                 0.009065                 0.207530                 0.472218                 0.420430                 0.336242                 0.097371 
                0.146264                 0.182730                -0.234018                 0.183000                 0.627686                 0.382570                -0.481687                 0.173420                 0.207903                -0.106272 
                0.084153                 0.533484                -0.253078                 0.153656                 0.186199                -0.230138                 0.203275                 0.025042                -0.317473                 0.624726 
                0.290789                -0.096569                 0.224285                -0.773316                 0.180717                 0.274126                -0.082877                -0.117932                -0.167719                 0.317939 
               -0.666088                 0.092789                 0.008869                -0.357784                 0.149519                -0.103062                 0.097788                 0.462955                 0.371275                 0.157848 
               -0.107201                 0.717541                 0.486033                -0.079335                -0.029170                -0.027161                -0.098849                -0.360146                 0.133807                -0.268610 
               -0.351117                 0.087886                 0.150768                 0.201425                -0.339196                 0.679753                -0.115727                 0.176777                -0.396023                 0.164606 
                0.007425                -0.081942                -0.049092                 0.138446                -0.310799                 0.091914                -0.274555                -0.355946                 0.601129                 0.550613 
               -0.336910                -0.329720                 0.334970                 0.276740                 0.550471                 0.067162                 0.269299                -0.426358                -0.069249                 0.149527 
                0.041703                -0.153467                 0.514186                 0.168092                 0.026919                -0.442810                -0.562290                 0.308004                -0.189903                 0.195351 
