                0.512518                 0.250158                 0.098399                 0.283548                 0.297559                 0.094912                 0.306758                 0.297461                 0.544330                 0.090758 
               -0.281967                -0.079854                 0.758603                -0.038413                 0.478354                -0.028746                -0.045087                 0.171801                -0.175349                 0.212649 
               -0.386458                 0.434217                -0.055821                 0.198654                -0.253752                 0.211395                -0.195458                -0.053536                 0.203094                 0.654318 
                0.354494                 0.046070                 0.125957                 0.326894                -0.057807                 0.681595                -0.237987                -0.040401                -0.465331                -0.082288 
               -0.246504                -0.044439                -0.564680                -0.052639                 0.435811                 0.190735                -0.032851                 0.586570                -0.201479                 0.059813 
               -0.291063                -0.359984                -0.004430                 0.554485                -0.189939                 0.038005                 0.648930                 0.011114                -0.131086                 0.047766 
               -0.016476                 0.264389                 0.238255                -0.411737                -0.523509                 0.142854                 0.306385                 0.536035                -0.119472                -0.116564 
                0.447036                 0.018109                -0.079073                 0.063074                -0.088034                -0.507665                 0.021867                 0.131418                -0.482500                 0.523041 
                0.031462                -0.494753                 0.111426                 0.255211                -0.327064                -0.112840                -0.515427                 0.456959                 0.286725                -0.017028 
                0.190314                -0.542038                -0.039255                -0.472165                -0.010680                 0.390152                 0.163768                -0.141065                 0.167663                 0.467260 
