                0.364824                 0.327116                 0.331429                 0.383080                 0.305119                 0.296899                 0.159168                 0.273838                 0.300114                 0.362858 
                0.205968                -0.316605                 0.778059                -0.104924                 0.050095                -0.125177                -0.117077                -0.422545                 0.078600                -0.156033 
               -0.172747                -0.019812                 0.025182                -0.309099                -0.043016                 0.455149                 0.737796                -0.172768                 0.213751                -0.211417 
               -0.289777                 0.359191                 0.176203                -0.016180                -0.512633                 0.298378                -0.446456                 0.031597                 0.420004                -0.164787 
                0.271750                -0.515025                -0.398445                 0.414867                -0.027885                 0.313776                -0.159061                -0.252887                 0.347843                -0.143348 
                0.077261                 0.415795                -0.229569                 0.004827                 0.154217                -0.540508                 0.116497                -0.433952                 0.495817                -0.069043 
               -0.162683                 0.324026                 0.046234                 0.400401                 0.375644                 0.187492                -0.065799                -0.173513                -0.361791                -0.603732 
                0.503246                 0.026312                 0.029362                 0.034603                -0.346122                -0.245942                 0.202733                 0.458144                 0.027893                -0.558506 
               -0.526382                -0.341965                 0.124739                 0.134200                 0.340880                -0.250533                 0.029380                 0.444349                 0.402878                -0.181182 
               -0.272124                -0.050839                 0.151915                 0.628308                -0.487935                -0.225786                 0.363492                -0.160953                -0.144398                 0.193836 
