                0.447843                 0.443329                 0.391889                 0.118429                 0.073963                 0.191381                 0.035914                 0.298078                 0.359390                 0.417007 
               -0.053142                 0.316462                -0.120080                 0.636874                 0.009835                -0.159254                 0.357002                 0.353204                -0.169804                -0.412921 
                0.101147                -0.581170                 0.347855                 0.343909                 0.391490                 0.291554                 0.362542                -0.206687                -0.014308                 0.010261 
               -0.173198                 0.165060                -0.691848                 0.050219                 0.253953                 0.313921                 0.306709                -0.170532                 0.268721                 0.321216 
               -0.620070                 0.062526                 0.209266                -0.020889                 0.026708                 0.518586                -0.148556                 0.389464                -0.309785                 0.167370 
                0.039011                 0.490708                 0.228871                -0.308266                 0.077910                 0.354628                 0.225997                -0.457535                -0.129282                -0.448683 
               -0.383683                 0.113090                 0.224817                -0.274749                 0.605491                -0.509565                 0.161079                 0.110688                 0.222472                 0.000318 
               -0.370767                 0.217848                 0.255052                 0.432049                -0.260387                -0.233847                -0.062597                -0.563228                 0.023776                 0.345198 
                0.017868                 0.079730                -0.085205                 0.319150                 0.429947                 0.142451                -0.729541                -0.121605                 0.215785                -0.292368 
                0.292191                 0.164319                -0.115405                 0.009797                 0.388094                -0.158545                -0.102542                -0.096488                -0.748523                 0.344014 
