                0.232621                 0.377969                 0.400297                 0.407905                 0.100934                 0.381047                 0.226534                 0.312280                 0.241532                 0.337410 
                0.546490                -0.043156                 0.074431                -0.501359                -0.100969                -0.297795                 0.484134                -0.142849                 0.137704                 0.264488 
                0.134965                -0.037238                 0.216501                -0.402419                -0.076662                -0.069787                -0.499213                 0.575754                 0.379764                -0.189500 
                0.369507                 0.216319                -0.024173                 0.450479                 0.037811                -0.448884                 0.025330                -0.118560                 0.226436                -0.586734 
               -0.247131                -0.274866                 0.145078                -0.003740                -0.037105                -0.031819                 0.621840                 0.510486                -0.192474                -0.394458 
               -0.382464                -0.287248                -0.204784                 0.165674                 0.241779                -0.297027                 0.136117                 0.030671                 0.671730                 0.290610 
                0.331972                -0.144826                -0.449374                -0.132847                 0.632571                 0.438746                 0.062290                 0.069272                 0.063955                -0.209338 
               -0.411136                 0.660357                 0.131049                -0.406113                 0.339894                -0.053288                 0.150447                -0.155708                 0.102415                -0.192505 
                0.031456                -0.385008                 0.678141                 0.025581                 0.521871                -0.126689                -0.141474                -0.246309                -0.144980                -0.012168 
                0.070037                 0.209182                -0.211648                 0.081775                 0.352781                -0.509047                -0.112692                 0.430439                -0.450933                 0.339048 
