                0.012246                 0.088993                 0.002192                 0.099273                 0.602404                 0.326453                 0.332890                 0.334242                 0.076177                 0.533172 
                0.257250                -0.021615                 0.493709                 0.517357                 0.066177                 0.014910                 0.106026                -0.221988                 0.565518                -0.192392 
                0.727078                 0.551350                 0.047576                -0.208094                -0.013355                 0.205847                -0.224952                -0.082758                -0.144185                 0.031807 
               -0.183106                 0.400606                -0.523729                -0.043445                 0.352463                 0.055230                 0.177103                -0.196951                 0.268860                -0.509987 
                0.143366                 0.268304                -0.236123                 0.085284                -0.487580                -0.329420                 0.340641                 0.521171                 0.315387                 0.105145 
                0.107803                -0.154795                -0.145345                 0.319553                -0.329839                 0.610641                 0.413233                 0.005275                -0.357346                -0.247014 
               -0.144181                 0.109003                 0.421629                -0.131726                 0.136908                 0.119691                -0.143329                 0.656147                -0.092437                -0.528698 
                0.168479                -0.416168                -0.345311                -0.135734                -0.071512                 0.405128                -0.445541                 0.213301                 0.497500                -0.001591 
               -0.480209                 0.373287                 0.274268                -0.273388                -0.369222                 0.431685                 0.012003                -0.182527                 0.275765                 0.218881 
               -0.244035                 0.326761                -0.174864                 0.676307                -0.040123                 0.039700                -0.538500                 0.111248                -0.148491                 0.134577 
